54360305088729353561540087622019028149969708358589514542559527741230575006955706313965055572450512044799411486965670590880868777807320576225361346082034212982380405345099423554714077973687724109838469678499987183400023884012060258401965023324027989574807419052898980175392457689798835861701274868516998004795388519064256635320041938595485782813454988063360514216412780107382552177924019144440386945753769848479925784059526343022169844000982482862750866374306823484789767730310811056669043763599549244615567282760303281997789543129351059
25614208670280067030383596804172455239965733816419463395848257349738359001524011513164718583149916517837871651335078802908077855724876764074156687595129264983674916636633429494605146456399903658728399299014464502727070763331348813071245904032658428208555248953349716210817578336402210552400315305564300965717862730167751318035520313279193441546051339135311679162692328506428003483210241246903047550194799807045213501381042740773456430875282899054216274200187042116828736785412040265811646756527871855228794532958177235140455526066172476779391
611351130244547928733504656070970848392031187104393124033991740019849770093739985523781472241021264879031039480062211937199663416816947171711401424041966390010506386004358423040502475523227150112205158704015594874338643900812070575852920501342016911704347172064013623521753771132720715528190137137785688261456340693890130656217720761477805760731902206141705931777561341088452197260146998256286284196832845398203073669371893102892911437048623028171764759164610000332040611227963502558339983885660413121366691317442985366283779306554867941106137831758070837027921166279
21862185694160369444049496094094123663438221613206462567511149427672293966095127848664603145754718429207555714359274619791405736728358850817477205008100347825212356346388248766064185623113831089770949158551598111914380881204644176064648637907966641408637325196861691655763401561199460246136478993009649629157883218079229054216501477484197468663644095304132943060070254719452963050810233246312794900970442788365910322132408807310563914033397732637744931122672884898469690880404394239333835734056857809128155761261416901414382813815150590241349743419970148827215575512078354661989429628814510477431265886755937434856641481981587187424294957509709364362201
210173046813850188183215505300678446655797103988597612803573330258789207851089349581706610497889756355752988392849973303644898990436555818481244169667627331262102348862257780639058780574873069677729266417945329683469133781845107640467832029084009709574080075463748466565054366609254379484354812413144132671767663064592253978101304263287210371108184428553167853354107361632700337904654067619625993562723931247802131201165668964669546534637234142616954563232422231997485714870881752780302374474380539557572265793929667812264804449510838749150112095269352096221846079705168595048652721288255589724957168385263100353
235633058357145624171981891085470963401594748741068807461837734005877484981085678229345662794903922985907152457454084782711198206189412850551999668710715039681519547105662969494274149599046684819526350480187261164953777586245741809871383244917228744304804245479554529535901844762621962918644221432717997077205968106886802851574524667468294115647586090376703849324058000326960446249073245800040224120944409646334497624417670116338205310633017456920223696258490015669974200432966626249466165796825557332116532086479421091140130320057873529775750214356238733761170944619686292338580011123832038950943235082714544926595787280507466557491882120489547905127146587257656823514748135884488769
14591810012391648340508195721713531625021540021606794914411085866967837225064612471775261990960590357180537908537451618965693009550134373328875704451902789436580360378264271094747999683699186222068748909878341532849402981998174789406416849923521542401585627603132340335810111254184267232555456133319990828135545937801646105008810119287470341776151048148388546743486136409811267759744397378403322767040150801590472009136353516711166791025863276780171539283219613237750568894986620148455320032973788048844508703981555442654818573007822617682294104087144364082176506688746515141940532178446538153284748649899024494518919348044257126811352183410643936661581870509462467780206555993
398976202736684370449777227836333552728275003921149861173634809345606312962622074797717756554867557534692285908305708884328191725302700062094751938197179192906516829516788266580012445271658861775796205136407560523680956706412981866489133227548983991812128423288279392722342862334596414769849241644703534854666819093762438061092760447959512895242691631630903745593726426851835157874739697063088268425916305538559819366787695760173638581370892246168786196961350619272449902765288234469906209847931720725109703223561798433
6225910804544896029653443811615019165106133658333579935767836510153765092576258073992302870150110886063262521846577513639860314310918857081049257291460611010547022997738699702947571587818386105307518107444706335086613458920937017671265931857777542324725836428270650167269841079005247685045259374299280382900264669878721270909565276219759390662441691421018235090537150363077681325288466596367958465765812314572277681204894417440479072139529472260489422323793042486317547968887706877324883531903845353280225989661545241217022451578881247164604763284396761406858670578024851767538857336763958945150060363
60437566971769040502744503235126476104694090310298435062920726811604740656299574661418555332093604742229374456865860024491129304215885266745738687428552528154064076363587731821721075528974706447342232780509553028827471270206450743295059418253287022359042380554106478183308961212046079084599925270694256879347999638342126921456475892218756090408127527539047746210486483435183231711249327733132315156875824366641330845323869275688317294302273130368586479551246802961241943191686731612707121606685668679001720212179887282437874880076745998892481387
209938713311503790773277066760309326720008665577294434250193566073094670128362000731009422014510444777428988193375731981176290484690359325002664164788826103191398042614566276097635786709878216448318561610958385556577104491957160529178752829696722030530970415334039356395374973275656103659700162356790886861415082501117400599586379603407507227313264944323668191544132985196156594048372233573074286309709969696819398915455716740324660414012638185329643976581934845217601078259313011542212865340415278552058637623092098196902055690764614784367364818898893
72210245282542628713181291826734991996562044756790591961248417652118437476771426166585035303085111086293738673390173784699179667118357605766660649608385527086919864019605431251105317773683737472668089382213410753832850508197599340201799634771689885473943218610397309418687285224916061809000309579638866536239874552868050705663678745689642074948520944574885143148255784701836244291650866453725285428362634498936268060690224960948138738297029742039546482069474885938354136825503145437768104068858240824949
244220001297664645723808957571937522853054959058057438986899699367143753284203082907974886983757813444249169979671024404488519956593552388424685817386469040252065548980489211617848338066054354604977740068927433514434299982363644644016408856529932093040714824462872216094412468931622358920962263187992148332346067343775125758299236578226213523413996497194522525844079217118083580666488652178550658998268428640221561807921996851973230798378691577872249652697898690100823061418738921578767939711782704331698637787760306060689896194910721727880525672144004017642826368847680893722100763177801880721812614442143956219
2329866790560334121489572175832269300246839268269698373848298161234351685324650218227383622258372313270053313362422359573767633160214181023750782981977383207496546695200558498296248570705200692270672560926971612917757441525656063293162391045164399819556593658879436632792866998662398163457499626124673441292696945990410383782422832678461909132793967253295835681910722318274502044637913976729685391861334848165239868633542049141091164142725166846224996865757616322199694053474265555678734700952934635208454908211
27607148264747969605905131179258109498314017640806684871143752249053657934817046655018154213192419561914106881081709593185190612235015877521815931905507528410159047225636607299068545512785431633669746004440599287164635302459115995015106429483240652516653911760567837213861214596768818301885457490132403315674541657661345453053288338025987983842544737657676781693852065467764279991283884166769812154667893310722969320197040233551197293740233640896450062220782275308312925872764635449977366973888754696169525127729827677566284183935468636924014153977147309472557519439169
8300899420015874971960535950142888391586601442759550043845938513470557346662761670276176429753563377539993567623697333853619541918813468656763155150335236118604851429259356513213123073516879325747591802462281725351421131450302933171424867348097885261383324660669422632668785913009553748831215027373500443654221186325219478676921898531010646857226521318797128223984741910569660747180523576891034644378761857643996037076764895183246389333668807871012809262260659226008004963657945764499574613061392486908488043895094340453844097808013657258586166481228861238543646345732029
6379749079196673374537783957268895531634898194194410175232145650199925216420186405152441063960858595356620834590338675908806463623404312290348202672551766655245944431597641637913887268219937640570149705114658542995435363990279499251975519787293792116092569724545829504427399383409991876988951775205927150752963178533345751074450671383285690800598727111345407925493912305706401320738868912948067785642454833185529070183569151869547002718952181434670691323890021836137858682662068078440400093013335739518297414520519022313321454718591523652465180955480131967378526837294844125350783051613719238541128419038349
394256793939771208894873364031828260602165432365476220753148771023476808146336118382886285090236409602587687965538690297364094823992500265389367954733508444878426202010991643996032971729292612246118927461408638475812263277809516511673263971875047559494077074560463755287028468880005148240746259952824092123393493848247373267930699978787857865078781845802883702401713414666966856726660769792225905414470568535708923865206807847752515397179922756147995318413696859500217330758512075002489636072712375920673636962534837073944360248365984350034489270213232730344108332279089671752667094558659460800364814523851765378657885242457887469002697483099787729288379008385026820477364854060143
276700753466609679066976407819137797573763334294906553259287272158764532693627816803425836014274548259776287195141564055043356664258145063830024651283043536862473844361655463379568697704151735536700522352153258473541545352182845930430393040390734978221143506275530446363670505471936291888849140696311845613416560435297293789628021359922866046942232823313633601819854259246221675162008130767483295504220261520318445819913711119921602465525496489266649363682770291287183386693391956972309090094258822655002745166052262722389379614907262513276455195402563794357788148813460343854190401204435799338956896405450600370913288662897176043425752529890124296300535274101653803974041404379397
738965628650813037969333064934253884425970635020567266170366283343505058727870470371862653003177937559121382655363441810845149828442176029192575565355164198506960916157803269639287463090240500307335300379879062713917568390001485333896583046853092399718485859813603018714608625116472739054537391444223313859084501902186636212559897904528034035090650718045423046591645808889256377659162199267888911519589707530194173305942708563172931673943737888960875142090686545699116904016952331961504967562574654857764327767669343749114512064136628351
42008936757977707082449185834588995888695731046926876928831166249642075046246697230461631825768632080005099942141648335840335449994175661156620797384853442875738240258560882811820363580856176587311371819493498165345977764450360546846351699980578076163804236471568835965699610842081962297477869568640035583748424734566597221010523523644742740560959345809765679730976990447203278741125436380100024790507701435918362241317285392126526800338620355333864980208910293789626194672967547230010118625995754514767739612877115831269559253985212776710431062614621580686129190900645926952691610749431091501492055705827721616868944890093453888550568106891612333372311383030760381663274601093950104075724648569
496276042310398301526696065021570910474977939103687516388530568458918556469327102836945433298195941044307439653883092888107742184135626420924684276608316326467292029842236166984576623437301335771936234317777086844354107337119135672126420930625898360052727081353614728206914447276062950880360747403882567925709945908771404263134082392187108965939414204477924419443897358317321633169163700108494714683383061580548119256267531294641763109741407769018738741622743526932188737276188429540399395933878148988683081127556361244695030530738304364997
6986939996998538879687715127386549407289780972093808419226916251685662120086216003185672945282366772679663308977687070312999273336325061692157542965408933399751957090447062199995485431107529075537501918456587519408763147407879674386463337606229346926641415970021108001855102034791261625626603404659218403886296564435024868565717473020668015577445255358261505773228427140637918180381545372508802067702538028604234869698544939529229573065368975533208470340821610008920791759411162383753931680796087959803692330311131597705551956937705539148778303080548870108476853919144768100714066762647849727016387343396919961727728234985921718722378375489
9043697763828627483604471719371688944197830306550676736514381860520448990025425941112004214186851501620019693686866441025473429056894007898310441473623606587239454493618930035278945539146567659292460575097783679433737340188346905556626136517242218039409059183411275492777080440080730066114309031404952015863274591071423629067261564317646474135025202239376785373896224749840558656163816006986752776564223889774961671430912756585836815144807244559170072072726661566041181392297035936482893946452625814096852184329119117655614921255322162702196787986392014305441539333027670729646420623716123055794118603756471098606665243837475518318221
669200137131022752747089726137073453969960508662386908662424125061452593170342353375785518686697745960185244425420300058014600157534005826883948243896118588196969361550550633412660902231642453695278892342606169700912884386119737644030604498019905064074254420073739423439309929565636159851553736514373169586503849160623730458366640160977232436843949397201125145483326815127130067547238738438603296504352452127075734292392177978690029165411477104397315526635744092602729783094144963135532413401265192810332065691198457055030653925539791489985194240496423009235977143840921706021
5731049249985981176275575724923503683494106428132072542699302567353494062003057541003984328752944656499117868401168013467222852615541404334134273614030770706350296565828619346702930599050838928454636977067230474206414612805172024462153226152362162804828201893016957313972322591954570862766661712147389382269135446869741802016756745018662561009307053221329112029375219604719381999692248741628538281520453510505313008556923850887325531753551540335514054291593709953887462945142773306357107124315682854867170618882269447619521121505206308213623019176701315595135365568379836268304412685285803779820869983742098927580650428686728607198505701515309
1799810958493911910714439250278504409737684869789274355934480338177531399001505017800109601176431587014307446426906280613288908610875450507916485966573630151336287387339382793069287825169182593316448000226547795357652506330110120621021556535319835210390033418790527861476879794740954615376655234002823430426457626134604660475668717436785144076848377783859766422845007811112713202849531599084743711335451665385461622922149651561232911160163385748256248377061419724212364660848196190703690822196298745087458588314014240423880410770447805375344570559361
25611207959624527137237008757532236300635606242140067808706962857088653464739504408923459906326122398407169559113714947985515106855280113068793913959712722229947545874226608966726648795031927608978375297389381214312182627192324637488747360021238894445204008576131075624166465100424377095488578892273349881020644114251878591699944302787422180833353332605724681267084441586740251509432424803378362382183540574065211830019452970299448153957861744210350490734768525981388111823116930515741985743138250931821404397
54146083493216783967230948481385483292105556007206783128403620533007096110258292150483782257863558304800870228993639265647646073803289452863758517977891889434586705069869000730583650761340151970193999422402035063420782280277852171614467978735674757597270844955445106191278104958183734943401352990893744964457292710447466837791225420424914716024687254439343427726052724073768906569213184519816292766333941996667939689528384055073853758365312243330943508292864255007302013372155434855962661104065114311072039321429955381846800586941700920563567716476086310136604741844976584095571396448809631
284332418269266952562858906123385522915932649196710248719892719782565831584741920319161739282263502140641623887891186357059948684763335450474066830388326420215253883294331750860459478559536789864898503695115170347602029677349326973235549497144536335040419512144978663706782101461019995882107262656180216676561024070460744718090405456522381082178779736733851268392006937185487676068218286242759957839910410877462914123595393323700774824240600351233125742300375923411948160517962323918766896417616750330456439438595170988656449638572525097
64619046505282591748651618399851404267197718398307259992559710770200191035157332634242767261104170155393024020125903282279375221600331104921834443989716399806163024583019613007355445585046086647716575510264481248342722896123678998757480848535485912855114251030010602606571344665898850167615690392991297550625702201414754438759488051503645247519576795906735668880482843684938493246950137433189074249417774076101372046511652280919386186089057727996663226351548508440816620890120943441105940301607281448096574278385501202072966508074450641607412759312082497228019044899019211381802875790998286680702627264753599228404920841380899858481488816105711
9760089322189494634409102340693960527027808572489911715678606699955183505186421009852833917923734318417560624512070867926018672542089779914023723699338467615407850751097221517329357552238773554514105515412601602587945468735446521553677079423332879369272733561723611277851341083024282067588886824249195212701586381418736194034951507864873705333748363209581673547418129005974638413654586642695661846522390352825335196628674674653194831551670521820306430534295013264376001772535478673889373346101873028429808489034612215850657476464870045893063582828125319374806031839051678142372547668576160998253906438010741590578477031190311276480358136902909459185968980913115239698571480366419959505034881
580882173541445703474003426590238044145338267198866686550468868186617932088151134437911593408261431235704193640054881748742694998151817176784707026538810599298690576423161110898063212026472621715151422819945882874465035814153672591599103112480311894158463689004281363976785289750119071662415699316225678479723963305648492014315983806011878225076804278388718159519580501504919028557538436535613580905559057775824082992723596249269830719821438744491115861539282564953716945241385420317559731980047133288140254173463130888639813574809405160373331899553233
8143433593233869790518220847331620682883564948560951651766602841584199454480583679482511947283212676959851446539479050235066356090022192157829144197313278485472547070324393199746455718076289449601950123074334327144314511186566603485400889795499729413365063385798317546440363205034406544674217826945039597879581308392885778818035567593418957671523764802638498551894106508495853624837800982918272808764489360160363396687327030547270213819728441082758561225030642298248795716171996144255472235957640876788867265092342843911592941639635463330430694046333456551020330573245947350765603860853583
918481836802880599934009240289025726752891928327131035042645370302101252859156396929430429534902259873578092789267197275113879148721635270901175382080531459057474954689364017846525757677690079722182813706090669430035726435617735180350781188324491198194898562922797916788068323831590570997129416532319235196979540774294171921472030714639831387974736308899727466489857042340556937153099207256583806274475423386914520480094222733268598473361993034790122983043186277860767680801296526659443230701674896722804526234913584522788809365153
86233853167042339559630888402322231399309800126874867661864415966682313556871652678312254034496855932643375121868439158472653040571913650684036511756776023311294738177536690011250644471306658167841103183046127799010355650106234896242278701461770290618863376297658327672012429920638091151107417879221167429879839289143535343715597050101003367635105753505697712308207245621697738879483148898619418005644477716515779948867792098512203694494148005250255136976236395313405591591282269321975106753961014254030269726534761396795913187403761455934854626850404575829678332521115047195915249
4962402586367249907414144675368629564910501500109669116751375925164707693908672283785347275262387657604622456412834873520251132489655159133608149396964313341005055919084952820193693661648983515817320937715664510071841844111968851238925824693628355920884125972062045342017503168252484755377053083941739864807826329233164555728833678295131352888576103812346886212277708472453257266183739065773251793516206250531736969082548784229966128395198062793096324890158619659134353871131059220396991411254747665181144426070461200144150097012804657468384577932236350595141402905831756768507230483315661748627670203335350164563174121219971888430686227567
578459806290374225407019058803824550979139828245273848703248048219755081517432499376778159309592719875753984202456337482240434355142521687796307440916700033014771939679348300624792922327262888228693504630804995871293763350936405087479303694053676131825093823702991798205832240339909638125368454847139537331681577277058356632984828658951468421707571165194510805695082555127875117618412540270495911200015281448405909735632827299481712840575656366476988855017950953294739399006984109976814386353766990976188911269
2512137424166442315981375101906337170858068896038533523481893689700308808078172004969929504432745935495838551437135973212964768278807955290542190952782552153365473536603203998939774258619174669409370534644989426519975962549895172444708979300913517780304717880292825016957111827262531651903823546834730807206408980196906318621359748056387857150690736750304742822535445907725426657602129005236628108625959849145442319657447893180157326717749417535257276368845024964201608872684140406604935565567987213452899568104411312082184664473999778078704861140179308282126400538661704974835916942423920645950107385298027822092356751337229411392433792299191
95367048905573282140617649892681144237707015092475703526069681935874157858227307542612023687761949863973921286013397175248395053652124766288931817018588063431952038664317355671344783306110543293280309264114394045299973162799687333095036220217951433629998127406413807956336160398854593132038117237227945290216119813571840989435085613914243914124315174190612492574254015282761260632774023881428811116596722002872581421288848795749317141466378062106852686622935908348339575340468730881614715238570334554012408592576285684849941528319529299980298252176771532952377977801233057475034924543555094093364719218930641448708339913
47132700720717034665997082804266934649051386547577488607793807662719388842223390444594009608552832390388729850182083283617462492523776703092200473103247941549085696857730643123972821805926825203453874784889132051836374066031171174754913183769052843552373956343234979574630482653914846192374371489471674683269306747891429554221574554700889294242538145841442497185197846178176718783101976665169832343418089067722194438546774068296282074302310860758480567087048537608488581195213545149116363918765406482910512816668204978639567030400948095327826087290410763870293112446238737277030062846925629497
30093919156207256577947037240327456524032356689884318850504133869562084764446974945572687348627795119882674438776430892505767701357011261261663493545049619335518496801297295508749360560279837877874209042611529370556664118744374291716795305135902851045059369926170308293353265167563834576635398893270156963133627595917594783304442229132045515716473290663302009578859989962874882050539555040114545650590875633273608125471158595726053018532262821067429376058257979803085415440550288928799849120438776978663275708263178119894643064080771069702831144287906267715819235421183
689909216198047095599243860237352996079380007828970896599410734633831312104644278793213155441791051474818350529045923447828080921338868165248373988928710812282016025355055814325637675193311166095072469731242948689344051199576128391070600004604149630592592539258896479975663721877483410193170859953700770440669301245714637925034262158692761890453861495483544288822226915082961593294493963557970606157654330120424006001770906450839337633392768834292127165395836439140274428575247480177714118525342881537463117945723948294767
89104357171755066948772078429611944972820938059031561468138777648445344826551040000945048334439808518054685468539913581620880396279680574750353571667988036265539585889505417783905009918740573220664923998947096003289779960221826069897990784242867624700234656459649049226966451966049825540527077640152454758577741621608445987980466752411952157103850517565661200999799088778220425368627986806053915437191467708795197798782215475439860419225598456344517344889176905229526182886097189314020354543167680854055823936332730849945968951019773182850151560804005892786811987127055789768129995403734006189633901762445530760084573690567275423641
87334644522016869699986983563335280113909118697265726624871285526214650597116100750517946681810406889372772638334389183529138147089115843476401047593153750153223759020088403736402913706944415886528571286618934916831497442284809140893501427885681514002879921149719096736251610875392814680122790573996770432094657554269074328826917332058770108507331825345549706866304679296112103627094191199525807037250820239860223257585460770138762119730374982802709443664167781204635589652955850979052537559077417225359491385369867185306304072602457579276849403577859188950577434604544242348449068202445235979053079
7618804390882515357187924812703143454978124203042516805377505239830968357964673539406105759413446983112873877581198462856484063380437441150352499288709128561813949854390232891120143164651738473212320432444833479827109670217518927818448515409682894791747273042388536151454156490370451751940186920629477785683393387696456795788362932601270461213204301031503648263198106021914432758969403430031019602456684635220508552208540407814203597971938786387794217544316045309238074745667872147730683761804772947172175971945946206246466883201445045661660529961407330639970967880866175836620445873504056086137151516043726062604753868642236410820646333
8937923365188290732346678744486847503390096135344728935883992597712081149454892752240854395207416274911172106186666576352975449006054941603255122955272696534998763985901737309874209824218718937982139940834748468918213963587970571326962741269360804693926559250025605838425832740281059063463255760228178142526778704127598471223416903122012569753000147934969460807505470024477287911610319131257469051313784027361655177055432854834866529284783351789932994392327064229965684621066312135334991045781263429027933625985303468898377436546393786493459305247327503681082490770966190241405858782695767742611
1397960413811402027075760913775647537482508335265369882619688497631455195069615513676870710853441226650319965784098313553159111911945907086704694058399788306533562908193905811664220057616932916236717848106791907422760977301778691456214019579347556851236916055882143298541658943569912058775831806865440552136511405907466501404692142607753209951461555897775906132336058348234452820168783655557864385743893922245604259269787453244802313510834442718209557187946425238607935375152322345330227577857145156342055147596985897392994190273338233
93299939420830661338631870090548303198702223087663201362531534488823201516260073638745132534731102054282868774052837296882520261634918212227559642274841929566655053723419111393922331080312825412940906988115620190701136630703695775666276932920023609949183198538238984901323864524025705410520114556768101928178744821661519446467613926031647204221519489552133298930243941053704922226170006880568569349148153228949557557082364442229312889120591920202342603937933414220005922310767176129072892044325485761776561392016659715868989606558736233677
6489951156078103681951940396935571060140482082339670525410340897539833193047682986938822842836903776200935964603566493300926700183890473200420430051258907181037867556162690660802537347329259272451333027436779215586482738790090684199777879589285291037676440167372780491960965856522073716780324581499710863204968277622787584036788928121500958967413027999064781500833607028901649117930435801059329131119713691818338906608108836740732769841772106448798237798113492319520141386988803043212848188819953696918997096406179891364692757918335000465495418860225127930030182362291
1162921137924934184317122506808073300899208212154009962914727463885034124394466838214578512481906796654139300546753949081889464742665556102877584431085713700605736223105380853734986333909601702720008426719339008750824913670191796036748769913217953919200714495889689245805996083267169307645976619413016707587741841099940590593983802736405129071805237951252518388378745503931527367477485732411512400641228974718307777569748379856181524907413973214644717232192054194648363622413480018506136121340106842238493254841250739619302869233097758946484648240039662411610640575346701983614913806628775077713313960969180255079747519342244704261533775747865037506390594253520462476790489248659
37301939318379236807175087324056127526347433725387825043613599410510977272727484513261270072597610453503915891221408898424165970475345766440504657074303757244211513305303100241077427502858056924623329736847523857442239979217524875447511888315811852524815897323457427417199600442309594546150536478655277061868969678074732718904893326030109233026633839809302363765428161769815580867623019310813210293155433549661209563341631847441362750477762341730212144359783751842078076752012813898063599364855951685230547606463079436602828077765631562635967768481812822393239877792012812346279778010301029655211366669376574071136745657326646190985387937363
98543780173660176909573806643588547938022965746671674523522375550472378050629646634668905746871833754044389503304313975179425965025711941022933864077927147636047152932256596241510024954242290924918210705368555368068004837513841031678453304826369225778377981286843653977360972201442643174353776661777801493736312865314263246598189856758829635556398640851109730617474814672332599478377067505200103210264485235347771474802835160217691407031696260850449784033074967380142372214537000245147645694626966955494739473648953036460043511820859986804754732226101645527390741437466158870135047788258944895482107476509151333083698639394657321231
235572691828070189148287192471220993289092413830235177312529176601121034001956019436655796681313421002296600816071799065941289923344280052217000615031069681554486682113821332968173239075242828614566382508010510058380431028409020755186215949244042088713437224374536176658794538506489347763842174345676337595811976314356847965030298033233014952098460879202053543375195185309448220303575677250266476143205246053563361067396772745550818636589160211031208176714867497290864252509187900289306207882087395300981412711
1806498332935615454267191206642036879960012130358876718746941423986818097561419830176601683501158686037765335634099729398008071572291294280478943506817332811247554393780951875455096983607431106309985621818697617468136356780542353785032134107309214197913495706378546495168959990072591987022460573926942253016661050021803828234360829405688850229431571523034789930884527775920894027382739126572912621009062404274146132425791931193871143881841328591460292729277240276002984723719706170825725525532345804062043256989969074316320917888901821152504803001854985126931
375988347824570624078370004948486700473710886817312789808566299217135716963027525020643658481426208719047697936207772859454294786811648369040616903400504765007542234926745496029791967251500584293169682533502195194038944513156718339086207321249666370829008015143078222897850778063152008930059636095077519173639776866766674631570989445673782816542170610784361601667092824125990378542042185535817518395606121215497610769634008328655475152895309464719147382610694346594853594841069574812548577014844859905092511356791365324847203241380441011795576357769337214163509561252453286766464583392591450752347638035554302292018719568375681246021508822655057780109985798345086280632956928901
44095400254118072849578041023061306431146297227926102811230202443096762695035296019548498187036045289079173750193706726884543364297168820165885776479338754297719099182566335629710251324729856993032609863273162564616796533111145398170711723938980986606236130870506062021265378687450508315733286810078934506026317430836291948253524131119832031616003642230925181552572047635231149507079091415640659194611749936163501381245157015651084464437802851113144073311624511463727872254745492799073352538814513524599030902275387546089003711652693895228547310646539457301499935560146365977282740650630990180372246063060661802407548876035998517950896018343158650060106723062830238111632985753757
92961924826861560512605063953538625709384664668598422437629856949052229499831693698763583149248878053339499689833255025801501306141132150118473050719172493460739852017195173743288420712869489717940863531883531260178726519601758491089125418109965366808423132332303181400966325544005642311855786878108433354940029326135109618693429215222804345411784039987598522535691201890170327599730924593484553958783132038872000229633199858757045343022489879106632070547049800015953383639474652308026937358920412137235252338634720977291107856162840972099308170885389942020148792851278191234847
66763052516027684321509971904825507647999229194334287789101987960128072500018324853220302603541091773541697259966741956152152001962298929066090431324708277459286201173441937633199750246770476760429257129235730201519713039211099824495169742935153638101749009061540571653283016852979085100170005592379750686967933021351641700353904095242791320682919771687549301858076148832030243991633239678108523163739990223219155365481492169036669247643259424535067992847631879057098429874270217283582591119462337019740033
993808331775593342895627788071394937316759725670022634348182964359561123771466659955947143197043825186406522019710784329107980043513179533569689397832978751418284594986451254789638863808004022215324533925841901207319183907077830921911550682777324976294011370762450439143359491592929965700844514429877042039134644039239218336303899035585155361891334843925810977915212936584423396971623201750594315741430533501582809823047482820790940324398531216584687046039129195620729008052401412034592403995757828737728545877348949456311733648468604937834896721119687313802115735867093704607467
98053275803790475969867308612846583396642970481171811390268266701196248409249136918496831335139801618202330933599599946441484733946726757423417719735017781120841886021010511800097387869484220049882239075294721308360657467767746396876752786797764535743103745240921586191734598595649383228090310240682675813514369507978160589865775225646834664003241900793271445068609363957280011072314706538559460556698021440114708111933825080548368953997490577139273241111416024598884925289907395822627809471169220253936624362983440649327480511
61533468804923449240259517466792787119231875945051999363171079525383765538472838324828595080837839434741583012767424035264224273672175380755153685220560406102989479828239250624760991673398432757976326351049073593699365852821130839960249605260885130060759080785091460923291202788245124092499088381320316144706176517995919302657194347097368992936710842189721255125265035226963213680137253560618449896069035442806359753836702103934213290467287804611290370724572299352672541863055007459124593313135348798674883323625244442412064149413037031787441244079854933063484838799
37554933809025207877829544194989757893872859500318760316578255860011120464253351485781112613208387626746711401163371182396383474295814055764830798184129269273711337585479323597076170675284331305966394214561858473177330285910692823327081483019832817553451833480420593306390336118249090511158250574663001400844185081887839049992663775136045625802552044179344085765848694040124364953174576803900946961257396659782905754118125294860771723913124846664418840277099898383302788110545362292681017363900279768865498992663
600984149286790410698984365434533334762148445846514889802309262832925792269517143431450667155911537502469043341993540772927055442366304531536637067358045294740073021434632579175243868290709669078657830683770990595113850961354567202240492670251025183167494749308991286600580247203571318403286134338452918652661664284918085951586155248486092423524842113496775095277747002365110625390157725419352267929074403181149672035552836814735968814574751536441808605613672465371345462942414422430679010483499633469366899856996484427339389223160936013727781792922192732263777726173370626494503840266815169510702237328582372644446868513647786294143696639405681143058129812535316900311549735737
59343459333475054952214637517965234751891187273123888694463714461039415331933956604550631079734902825124932185738487006721320219691935708308144413945401879271908222104476066553143726896554937454858196216947931399644056881968360565073722474456193388754304880409826137704396737952591424124853092324301580911083398526322073914165309798230335714157335037263978015649410078991439561266068301262208402559500590075092478392114753393152389978022976158527538679489117303761723188630255883571294804556408864980320346769043300448422988297106549575176793658177137049236264565070103767905678326643946888417777295847726333569764545974859154232384187063944871994993991376536687728152310341473
908333685136581714179873477572303785784421422614139558938695182784606868386712838076121286103634058576745838932718985580857060324176016260749205625588913197601179221227831460100283612482298312215268146658466272370402866332848150290624274853485602265947857123741347433803086316170660647002465047039777479926518238398946842636009062244845107840241986870485723597505760785764530055697805034046640738259822273820886012790407105996046615427643075311640915941470252316888484624926905518418722549154120346293056163051284969424348797
36464137315240069590613342335199451879486809477631562956583437512979956916391976683738228902674497068990328333266577600410192125149336684564421871558028644256501312480627439187089890909775574885758470689133445857750795330260433190837940299189360009443596941440387564806754676424445343220354601010816867495460377981298202093674797170561403237143393441705543293517637918730434654340236054532706602541296648868284866352136500063891739346005749990509574600787752389611624980747023662494599588939653803405681
434599216173448806527017453269118753443587099126234941403647005440444044234768848750954680851222190823138623063115297153178109098917372703153611327214075650716374843665724865017827998595334261556801671377809109021081670690405399529653654958541115087979989762023646521332178118837643226835455808721256071413262586522649234120364261447878196527661685934021460319902039094756712354376077429297593364049059356011731125464301137543042712467967027848905296173030207968503784383721604145023168371884444511562555685350463978380505815872229757014670693626998589452635663144213481529580959609490175482821
877505967875142317738019502767294419757304978704525337630994210920725269059624250081957215531717858778284403406123678254576884672960890623529165089637397625900276049427689985442834634889181114728714423315589257254656885946559921233574463199850435624944145575986914047643260375168223341096140156286647632342478110130153682090020280231550529327128644809091612350017710949692856868027650448101205616109513792479398070998631411508183105747785525032416771515691568869543634271853047421711282079026675936177585715268665026700377865526678356939596273439484948661872928862194170573708012271554681286457398277176319310249320976259237610486299804063052636815072283491542898460269538709380610211633250743591
221011753607489171066936769657340483329103555773551743695453925110303044370774344772735317292877035323171939728068075097323885817249934018224450100983818287142925359943862106369910449676272785517369356636963422841460854421813498480829720165093842368681176780316941496573446667011473740461658710237636123048689462672264827832384837689901775331884872164861091798834178768885413862276082211204993255752538965027424160736210583476240036485688326310396050210484605468727192802498448896037452870281653778727522034143761705747519
45548355565007832518536400673484482059118946758114462841419334752421000138392589039515738859166692499987189157557990413475448697561132374820024161027450859735507613747634668429068078966781282162625739675416311350891301812872389671083444069107429508719841411975928598168070292586923213417885463628694501321440621481089784436227116645021644992897628230798535360500844980913350288712644297938349584872587675162281341166821533102695272331079096220340360725426509449722043280740199932190368133066490435399024962034228615608449457497337118789152625051361486283387005754981151403570789465820523522500695563789602711
67482430984852291891417628197451239203987886135383874718351485019526477124679126010100597442435424159585907671559559762525797234857665089465106485359919585302265890257630780115399235671616887297206816409804258305767634074472748888424640047960468672018514107999104875431087253614352587876757312352888496536423875273263571444837440515095023439314704102708911120160068193805789084927893817742684284085184057030232116038425811021980244850871934020944278617267198441157073751483095319102958462538384227849320499875969662008389359142156893746797209680472423168973701612188606341
29608883112674327372884008111944822117465407729403613126951592544309259930060379873462829583615216903957301629123406711570765969517014703458247332422077573317480296429857965912733115569589273650241910000445650337346877653173176599722753413133155649211698699225411457848676882891729142575801154123197344504500565888414114828467001697682274827128006294823701487902624120233583683882976542637106192691686540162066155902792704848485071301017912056826793497119762235209451230445595980639789589733214317842582546908571483847641291012773
38333536378424244413364495557699701350670442773325685703634580339402010585540587468557950837556532922876607050649274947476093232115226665576443071140959094482920797358991923768565828295347935175415437467279413528683458297813071273271678697489896444568588192838885316470113599952377437460292854602013185110788822853092774615565531891718656498622785188423204974943490198587655638713544200711623294043057762376585543839001062756430946880358176149333729023563496808953776834483890778629371498582243799574325615842067370650369227357494666433172849744925693870800274384145782570257151379244186324418548501512827539857061091121761
9391215111755465061196573798352433804132236897002229159372803802350736481866620612990300826436438081641250497507842200049731468314951048587064208960122974026520768402741427324268542468657923594375221439741953362007915208024395643435658036009673463164548458486867252613997859688711680466513183559275596784327100710971680658278058569205631315301279134361714599968971941445794127205108656895151906710547322243682076947720347727548536679596954694078056268628766692791099359047599837586346188195843894630894777768811302920678043817
546669384635990074893325161725026292971916059546672548040864820023997056532561610902834904497873332531253919109411997695067364805027644090064025698195185509503728228529702232293236834917644958627166065477234587035815016795235376193886715283844618747456047098716974881725608472172653972931015266239128801929371506406374307275674290663672078329644287131312461391586174604254837551639402335852588112448392022726322848593154277431039201467887488045173163636898118261384467353642452332403884544843111058855358151
687205633789328146658976534495978786274873164181794667966140866004226094238607775719317522151224106177686387252384556308071370239976419596785129054244143366083655272572749837677482120024910847112832806675233508372577606315884076158208100219642516070407768143966073902935474985247738901799255224550513248957794074683728708298719339115289047636471396666829278472045897885805952544867581507074772645337519576783246939009627341104326714916416095212093233898735977272426209861150053513175909652145271667473996947123926521722063839953860281495003
13013227136108185410911586412364062490939791342885087188086386071542043775669161085263838552312014496791869878408539843025844403743582772585719768350026356231079738928234445682042305915182898450720415355186943249260914086619040342009915023521454338437822805794736031336879976705577512903318956940005540852817372112992962022188146773357151871852014515971038226044044013634541977436577114066917417503011590643956435267444990456451101141003749919333724511211809578146325780364960055596608966957452193708451346394017595838933083811924811247798141436029968860793505620969211346899189983117667850372109780604081
23777371094411115543059890818935090329813217237912146005678844037338116743578733509917045801417897130813013714911255468113061966675934049489573833176887597525194820188080112590104265361151386017239393743305095082705919941707282215126522241804066727651616954256636942314294902526650722722386976379473402547184306023465163675774416875476179844815970522929474861614052884284902451274682718232266049842314642646949464494765996725795065481004082638637780573163079214411020452359090144552186264655858728693450169531709738713604505988183027604226363309718628516259816646029901249300623079668936393647714102984213267923639230237
96356514745389848608830410279197496730406200466362829320015155475716428276325079332623090403329968317468969372426948588508053285859404098362756723737245809585889610455891368795831895112968447129127613701908664910929663055175290508960964187744852397944339533835971031917329029075409059853679200607538257700850680947113915575053856074404685292049941169654014282010213022036710444896519670453330747841883373932274969395193616027583546382914476939176974071351494931802633426213680720935866320580080104660916523269280174097157497636132861460794878871677085378357171040690903624802790965315707296640139074853282239353543546524648559260673215903817333327390795555349034787237499372703880045761663457
8758697041400159185837923119472505149948198025761665182231414692087650092950730215610623566705028471379493667458688449748423913954515708603686111871671187561392160513140913682162386083335684867063725201815400621478438484279605300310590724177481839127065051691167964267830818066300649267451120005869390818824829986765126469241112875307995011798511669557673911193478164358838579253862254946688072363695866760251206352093891369742045733950200874153020987541031840252021122669505143802109635046063804977368619696203875459371391206559609645546678709783641224160772592051483644112274992308380265807512672777756300526464392333369053743925272479401728169684164102898733390626053104653
6675453132530880810874548925426314660910740565450592190264691833361767245030207168927700812003719904092603690956381320830370417262796561622603603381346381229311338709574163355222724042531171465185295172552113813185447495325003973321600825301084607569897888106572816544013406736490303244735133709489686955118672165103774308360520151806025660788942654395011036584986788569529512830082914263042250564714140573044037003142192045102234036051682411437701617236939962353197679776282407599566553018132349323444007086493668439913664552066440115868395393202804117750449409967671250839361202453162377879406168502672341526962759754841020860821541315827281
57255372473785997156104651265834917179175559412060580434377295986929548190354417411731598575930425325105769303587422159124653906573201029111045218828518439302548319675509417594322468275766687117394336345817872045490568510537724532305861782391534513651688937807014677387293666957199404962425589222480777067956086869788124511008879710286720652270647085953211426750201669815331072644217255855185575963756931366979750732713866067143156581501052806204606820050981477808477373418630515083582481877627894059600918958073194529851171558889014997341953730580291081171059534675165880581131555589437350472216998973
63935778582081803346485211940943893221833980076595484435362530889124447346080954021780687541931969354284830229212566809346297804613992294139996869769661016831815994892913040385357489025481152648906358750740414208178946238724081385147307201572057662549244424552498526120873280253989799583659633813799819126699370044073234159805553233254529866529090897026960093967344054442336436867164573008336879982719116536368430317639926618700960416340261077174721386406689654427772796148506767945205667954791308218905484921676454457497989100894782628818293
63591856542583650464317548627624742460908179291742456832298220235877211177159320023727063485811641695565237880259994860832981250161630517268436498181449271313215609700357557673285025092186065794133680074657758121129078401239740368649896025121770662680884568045755391425119679199039285058598614169280670516596052224839903297300273036322929269437015056216982591111074718768200098977880243807641263935960136655382033870561005758103000766146176057107357464484779624987761130970981390200678115985956856911121832914427005665160931454037484642613416251871016442367477726699
28469728399818285197633744213872564268705103063607854384291414378323913572191188662417144729241976427099257829979521482548357155816234354469241722895630593188620973639784620072656860512152818258201554140033583162240988157218651661223918614627507132976549362492140764365227379420565271210475297984999838065922705895983654741077598579288412541421777159732619377256825208609049312071281821208426518621714836927110810711773118545141868031104108864100849052519395440912129292429097679610114152001549153675001206122614361601917756256344641891080333800840238059230011
1970095259563827211729314273843272592614939956983529660741219094684466582531288356576482437083741691901802158913683632507720766365884435965514182149077373351178338335058037366846891946411753612952458545443054793218237324713044165686321894040974509161350881700046955072747476470923298895233750716944456061826831354521933676414703758023535814485626917578206275697099176835074262645031524684810930737521694378883840153583439029034101078380704084053783913507402686879390648765833114165835457870349867003581432986482652256381859050858430594801821227929205578782428396065830639906986007731105081637973
44254594502438215480386267325016023470338041562199687237188601837504862015803076666071735706238463665192336066862095599229629459956608565510059653821113659807590545276594728317018147253120047696152036857650628616479418315214909216686710305016553087465266431713812787971624496242792403873524467786953770217778943551605812041316948714339007793192504703500134401565503752099122906229733459080054013959963934857662260314520024394304666293632979762058329901219348451746855018162583972044739032943732413769767197015813829092545532033664987218585016238120793
344882370979155990534668931835140462797197629796663712879345470190151907121630064594147732324356753835374267835469624872443775292459377270690181682099094431494080431408832226104322524018628300699054581877014161229379758629547764005837401209844658909272816373252732361094193177849915754758337028574338906910518732063113003695085515713901079992417727077200592422770391414283079893964080795019342213320513658759194829395657553888267264681579961656705437034055275522364769092910633342132889627279308692607869932477733640071419875209414319554017965391469168328737254174391530187281421240939971553990182295535901612400757070085211349274653
74080017869234869701211016427003259728532918361312267512711301614248842361281302661970080880652914537468264502926437195186320671982073074477534876943779571396981461796019973804899048564764842070391779024746355297946310015346007084891108353220507462281083648215202713872587833816481856834855756513488615336913381043601037424546712112927887042092457524520935660916476438658028368142502081114245845504718875123784981937816843514137113036897807956897884846970475431903955070976910462981729182554969085312432725623467749341950615330579019236364518740643232937302462179
3278992943950867856142948154592946219881844880188232077170045492894561671404827155614843576046467083686440746193188290473531212315597673189950583878113850830396607518183167195546876530139228069449466297390542454787489267429757864569699146668491624513679312656145716831675025163124513412481804358518742719435269910784917719087953303972864647722598238660025093434013075663976909177281152894544227778207206343990594468203330751513355857590371972322124633016803036494858413025550314276781813169853582534264726970259894904373025726520700242752106067378115273933164936584557466354129509953000204361294562688144745999149246685796341320580713191129
7102403635716427534977030762115309938605551554748092789437558882184021146526540113953166743637264481899778867041235959411018132768358077687187418444360133155234287425454458168966557211052744203982677382956510942929584504189442424286113070580406510522575981706535284599960850278375272961018744025487984647674654346179920532121847913802968461169920404124045075928090150299140302645902478658931482066699131032951352477994738541244987040270735350878095447692715112497950085466759059783075998370996036331674075865761139731815750794458103594245762093041970541771581496512753528715986609192989238750408884132341800349800857530476984178388439997067311159472645025468415857615083007784271837
439848561514801958228170026623119112741715497112583549654302663191771819979288107384114912559376298792549826277131614449556596174916001408809489262031102924685230316892252043054133716340792302936136711328595500729236341478400724931167469549388755679794786871864904072479480858195706838733244527029255809135851829261219775084607047628363719773666346623132474407035549599230015614716493461698917824658170469346168695098470081684515620981272061648635935541943814611223956089382417095868364755462023410019369314153192542020467503614889857665367576412826332622967854325137033392148254352887960161081396098619857
9289728610597895178793831767671049423005324454920894895804400206839429401690106413274637220010979674940828084036424709659729373993859216424167794455476672820720893077543203508500193973377616562841453664462283058341708888270534555196502718801432033103057209753768445015767980416026550014691228024121786033539126332868042233263709821663912183980198086703658422713415689863941817044852900235486536082818569926171833897646600819503109570049257851089931375600442102607878466402670911126823210490526498142654291
4206157023521691439411207082334674316170600382077839441934798372417455679439133083638479979173847135575317233048036712344482389727504835845082631894592703261287581620378902048140742285925665165731087827265868110433051742992474295151706917463526501524129320594576331726707826244807582925249657891790560786681066981534778247591465063966823994189295193287882697548836269370030992247896382128500373210616114970803771165597990345074185620284453417075055571755735895739093566653288931977776784473208959452065595567428544212765938754063096232787402353004765191
6785378932314918262099983611733906374078519613531111060725127977496902937115243170947495982177507694274783392556778222159788604431879187201091824000857928105612636938088877322692577763702357679216280203441194245116831858310561529911138298561338371667299552566999648476841629107140946225673426507575579369971705935476237370782456342306722433691683538474144171210654070945787433227959005865172850018517784304825271180437683005553449034333257025965953503519791653270155593701461522517352820030536794736175671553189371055334655261637231722154387594297812942187563796944297107967095478111581851732901157219248190241361
53170822689943161156184707330528381445423138528387636555875013603129969040364128797414403676486106172088780546545501630279833303177974761826098888754186854433324318046906750972236655800577506996620809687568779597004256889317671443314305609345883219932701774122019264444638077153027433365552682274638601221108015212314892372564907060807310313917775028550687985263649359191350563559748188177645452409104429647182236958271086382928873127824993371161941771932342586639140824276000542668275076034948955869272709621730404380946009907735688991112901349618125404767983833665469662014846514150904220484623687976803103488028273728581344827743557319591930914104475008267853286645503718931814279691868048802709
538693663462750354676259529346382951843521554811161890103209464190169543416690354468168680738570710422936582383689464312690796364121400764891489883137030170827578440656059136576857049988561227111772648418321418221471503223352920283671701912629388404378342676510150958947137361755057068683748397144072718747175155166829324815837709399617392617505775725200493398855069576631602944042994002375849959312770767725293954651606454693559867942464756693987617877825617255977029992812276110294758348058031337666533787201977721173029277145693368966571272613071889733973049
828577069491051012257405449811926443362763870901960878060093539266079548918136095444622282690794978656146931277658099778935806728666281749544319714063736249863447475221359415230336177259220740353372267527797645033384231446115990480907300588679520796121039814822401404023807430456929965498947446953101106343042350708886852021140160937379270705959814904150951700699424483206454773841523160691845090675889297264449909104727402409033350404247582142632105559243827706226768938796843440388271313336839501812515267740432545604912288323026454248423696878076472618347195616802292435976478371403679108976558184618986152053884459082104042242608241277413978032803533680809679699
